-4.38184
-46.251
0.912109
-55.9551
-50.0986
-34.0771
-55.6699
-91.9951
-20.5967
-77.1562
-66.6748
-78.2598
-34.1191
-79.6562
-64.5654
-34.9541
-45.3389
-52.1182
-41.2686
-24.6846
-25.0371
-24.4375
-16.0781
4.50391
-8.70117
10.0742
16.7441
6.81836
20.1074
31.1338
36.8184
18.8203
33.8008
35.5176
40.8818
27.4355
42.7451
29.418
27.6816
30.9678
26.7012
15.751
18.5547
14.1582
13.8633
-6.88281
-115.02
-142.951
-156.001
-235.46
-284.984
-330.659
-286.999
-280.102
-312.804
-298.036
-209.951
-131.031
-128.869
-162.504
-153.036
-113.831
-83.6289
-141.31
-213.071
-220.246
-205.021
-190.071
-191.298
-277.789
-238.92
-136.692
-123.925
-161.22
-130.028
-62.6221
-26.6689
-75.3408
-21.835
-64.6455
-3.51758
5.01074
-22.416
-9.00977
-2.43359
24.2266
39.2432
37.1729
19.5986
61.6016
46.5986
58.2285
45.3936
16.5068
58.5332
16.7197
35.0059
-8.50586
2.80566
-3.92578
-3.13379
-18.5713
-34.4609
-31.5742
-37.9316
-57.75
-51.5664
-70.8896
-69.498
-75.7998
-73.2109
-79.0518
-70.2959
-79.5381
-80.6826
-77.3848
-58.334
-62.1377
-59.9463
-48.2295
-36.8066
-29.2676
-19.6162
-22.7646
-4.4834
2.28906
25.8447
16.6113
29.9072
50.8301
26.4111
83.3525
63.4482
33.7949
82.4141
92.502
73.4551
73.9434
82.8311
92.1885
60.3926
90.9072
84.4043
62.0557
65.4795
65.752
69.6367
37.6152
48.1055
40.7822
37.873
21.7959
28.3506
10.793
11.3555
0.692383
7.3457
-6.94238
-6.4668
-11.2451
-7.99414
-9.8877
-12.8271
-14.9014
-11.6396
-11.8154
-3.87793
-2.96094
-7.43652
-8.02539
13.9258
11.5205
4.70117
18.793
135.757
157.496
172.229
235.267
308.862
358.811
331.178
303.372
333.868
323.455
247.432
155.784
147.938
161.814
188.097
144.386
101.605
143.725
251.274
263.165
246.699
213.861
242.03
294.833
258.543
169.913
142.51
164.25
153.396
111.87
41.0107
55.9131
89.2705
47.8115
64.6768
4.54785
39.8838
46.2705
12.835
2.6748
-24.1406
-16.6807
-12.6533
-24.499
-37.1133
-51.9297
-15.2266
-12.6748
-13.0156
-28.5244
14.9541
0.439453
40.8672
18.6006
17.2646
43.9443
50.6377
58.7891
59.3906
64.4326
86.7441
80.9766
99.1934
83.7461
95.7539
105.658
103.443
96.9014
91.6455
84.6406
95.4658
83.6943
75.8193
65.6582
61.2715
50.7744
47.9727
28.2041
24.9404
10.8506
10.3506
-9.69043
