-18.4472
-24.7803
-16.1878
-49.8331
-66.8426
-28.844
-3.63305
-3.87072
10.4904
14.6365
-47.402
-44.0956
-53.2142
-93.4762
-61.9704
-67.7631
-56.8606
-55.2877
-29.0948
-60.3722
-60.5199
-63.6051
-48.4476
-50.8084
-60.5947
-49.4493
-126.401
-69.8978
-102.171
-119.249
-41.9104
-31.8324
-22.7565
-36.338
-13.1257
-52.8415
-74.8768
-55.3013
-79.5355
-63.2268
-54.5279
-57.4596
-74.5245
-48.2611
-57.0047
-88.8757
-23.0857
-21.1015
-40.1123
-37.5417
-98.498
-94.5791
-41.5085
-59.7177
-77.0096
-79.7934
-70.1358
-39.9949
-55.0969
-74.7113
-62.456
-45.5986
-52.7015
-37.5311
-2.52598
-26.2389
-67.9047
-64.0706
-57.2441
-37.2159
-50.28
-54.5849
-40.015
-24.7729
-56.3823
-22.1674
-25.1678
-13.4338
-40.1238
-47.8793
-49.9008
1.0505
-19.2114
-55.6615
5.3381
11.9226
-22.0994
-5.25377
-5.57692
32.8655
-6.40377
0.744243
20.2585
-30.7073
-4.83776
3.97307
-38.3064
15.1499
-13.7791
-6.28425
39.0866
-33.9994
41.9985
20.7411
15.8374
21.8691
7.13258
24.7574
-2.47907
25.1047
-4.24005
-17.5712
35.6826
26.2751
26.89
22.8015
39.4524
34.3761
8.6364
31.2956
48.6437
19.5402
3.12405
56.523
33.7664
37.2303
9.5966
18.1227
38.4956
48.8962
21.1122
38.7196
12.7943
43.9052
91.1434
50.5528
53.2132
44.3373
56.848
22.4945
21.008
30.7658
55.5853
36.744
57.5907
16.7794
37.2267
60.0744
28.4495
16.7302
35.7064
33.3665
19.0128
28.8696
40.7169
41.6492
40.0688
18.8973
11.4879
16.7383
27.7921
2.93332
-8.30873
40.1943
5.87288
36.1722
11.0908
21.1141
36.3481
43.5071
11.9388
-2.23981
30.0518
16.2389
13.4228
-11.9643
-14.5246
19.4885
-31.7115
-14.9164
32.2886
-25.7302
-72.1817
-88.5689
-127.051
-112.191
-102.573
-113.579
-170.794
-116.856
-127.904
-123.786
-139.708
-151.578
-249.63
-225.037
-216.088
-227.213
-256.889
-240.032
-290.071
-294.204
-306.062
-293.821
-323.112
-283.326
-321.865
-300.673
-281.784
-287.055
-292.585
-290.719
-321.707
-281.409
-285.574
-294.232
-339.874
-327.92
-312.301
-298.465
-328.503
-282.51
-252.429
-247.49
-206.001
-154.481
-168.912
-192.813
-139.735
-164.456
-102.604
-167.677
-150.312
-143.485
-127.055
-142.738
-149.463
-129.718
-159.246
-134.583
-152.426
-161.127
-87.0589
-110.534
-93.5149
-111.488
-107.289
-86.2671
-77.5045
-120.552
-95.8513
-156.136
-133.939
-143.685
-149.813
-178.632
-222.645
-246.12
-165.025
-178.404
-219.752
-233.287
-215.003
-227.555
-198.2
-191.146
-175.242
-178.603
-155.777
-191.336
-214.105
-224.746
-183.229
-214.525
-263.171
-253.274
-249.255
-247.502
-242.245
-258.038
-227.241
-192.507
-180.386
-174.3
-142.185
-114.042
-136.093
-124.186
-111.176
-139.234
-147.329
-143.742
-150.146
-154.541
-141.803
-133.997
-124.308
-120.117
-104.292
-66.4149
-46.7015
-80.1485
-43.1549
-28.5519
-23.8131
-52.4559
-36.1595
-46.2856
-98.921
-45.5267
-25.1436
-10.3499
2.84307
-19.216
-39.4112
-36.2965
-59.1559
-40.8841
-45.2204
-15.2287
-26.2811
4.88198
4.70796
5.72711
11.7637
29.6806
-16.7928
-5.72011
-28.7191
-20.0505
-18.5517
-32.652
12.0353
-2.87648
-10.5965
-39.804
-8.57717
-31.1608
-49.6663
-16.6863
12.6572
6.78244
2.55204
44.6838
86.4507
68.5846
29.2209
15.1903
49.2329
35.9648
80.0978
44.4766
-16.6846
11.0235
-2.65537
70.4795
77.6375
60.9012
28.6345
12.546
14.4972
20.0514
45.976
29.9312
99.8404
66.7973
24.4043
58.2656
44.8005
66.0111
38.8851
37.2617
30.9312
5.16457
20.419
31.1711
42.2383
53.0287
45.3009
5.73126
-20.0126
32.0055
17.6744
47.0152
19.6069
36.0414
0.454801
-10.1278
-1.68683
-3.62054
-34.4417
-27.407
-3.55891
-8.26201
6.38882
9.99246
-0.829101
16.2401
-7.94424
9.47912
-15.4353
-35.8357
-0.790042
-44.3872
-43.321
-52.6389
-5.1344
-35.7243
-58.4268
-24.7154
-26.4863
-31.6301
-34.3101
-39.5225
-29.9595
-28.1095
-83.8331
-23.0493
-24.2545
-77.2793
-34.0482
-44.0294
-55.762
-52.6995
-67.0877
-59.7942
-70.2726
-86.9882
-78.2776
-61.1189
-41.6247
-114.826
-87.7962
-56.4514
-114.818
-69.4566
-84.5722
-54.0032
-94.1497
-80.2659
-95.4872
-63.6179
-72.5106
-85.9558
-102.848
-73.7178
-41.5007
-98.0206
-73.1361
-66.1141
-86.251
-95.1584
-75.6786
-78.0835
-130.832
-96.6543
-104.566
-74.2921
-87.7666
-82.293
-71.2506
-62.4648
-53.9275
-86.1257
-66.5581
-86.0556
-47.764
-54.8885
-97.2891
-97.7865
-56.189
-34.4927
-58.2863
-92.4935
-44.7274
-45.356
-29.5259
-39.9141
-41.3411
-49.5889
-27.8082
-33.6738
3.27886
-64.7283
-74.1539
-10.2751
-25.7737
-39.5385
-0.681791
-6.44679
-32.9209
-5.84898
-23.4659
-7.52918
-2.87324
-4.56385
-37.4924
29.7804
0.886843
-1.70892
16.2865
34.1251
17.1598
-14.4262
29.3985
26.4009
29.1339
43.9585
48.6391
8.59043
-3.67131
26.7598
11.7272
50.6161
30.0518
51.8894
20.9874
12.1959
51.5384
8.10041
30.9792
32.46
40.398
48.6358
80.3596
61.0734
87.6868
76.5415
47.3532
39.9337
25.889
37.6701
59.2518
5.14856
25.3491
88.4515
76.7729
51.3553
108.585
107.816
79.2895
68.6085
57.752
79.9402
69.2337
76.6997
40.3905
98.3492
59.2928
109.553
82.1998
80.8056
98.099
76.3452
63.6863
67.478
100.184
60.2449
49.4921
83.6483
40.7676
107.083
108.475
77.7727
77.1853
62.4322
79.9014
60.554
92.1105
83.8674
96.7851
57.8177
103.166
66.3182
49.0052
55.496
82.3617
35.0811
67.3493
50.7743
41.6858
95.7007
71.5535
67.8608
75.0619
51.5383
74.5356
45.5235
55.8521
46.7181
-2.31903
14.0353
73.4
41.7149
58.4791
63.5151
58.7019
21.4132
64.5023
35.2797
96.6985
-15.6695
22.6712
98.7388
24.0147
23.3037
41.0947
10.2953
12.5068
11.1367
26.2878
50.0407
-8.73057
22.9082
16.7099
33.3714
17.3345
3.69222
-8.07057
4.86514
-22.7754
14.698
-19.2904
-10.135
14.6569
-1.85343
-6.62263
-26.0993
-8.77787
-26.6677
6.92497
-1.47255
9.8418
26.3477
34.7057
-30.8692
44.5785
-20.7906
-13.3065
11.4242
-4.41837
2.44891
-44.5809
15.1739
-32.2424
-17.4802
-28.8468
5.46221
1.05112
15.7995
1.04709
1.82595
-30.0067
24.2891
-20.226
6.80302
19.5999
-17.4817
-36.1647
-13.524
-15.4673
9.42943
12.2658
-17.8571
-12.3536
-0.675728
-14.1807
-26.8052
-13.3799
21.7477
10.765
7.70678
12.7731
-53.1409
2.65458
-16.837
-12.8294
9.10916
-19.8082
16.7861
36.4223
-4.15561
29.0072
25.1661
-29.8526
-37.622
2.62092
-3.16376
-11.115
-0.525866
-1.45233
3.55387
-1.3115
17.9159
52.5974
100.705
140.08
109.324
149.795
105.705
149.62
147.203
173.404
150.835
153.558
172.512
186.523
242.081
249.362
267.359
272.429
292.005
341.223
342.356
291.097
346.941
365.461
330.736
367.977
354.741
310.719
323.801
337.999
275.072
308.868
315.948
324.611
320.302
313.737
311.9
362.879
329.688
312.242
309.127
311.842
281.996
262.334
221.923
187.218
213.213
187.278
173.905
184.886
136.377
137.732
166.653
160.432
186.565
206.677
154.844
145.41
153.474
187.25
190.764
177.37
169.512
153.297
125.931
122.459
81.5909
139.868
155.226
113.436
151.941
128.521
173.029
190.459
232.401
228.433
257.631
245.777
253.919
289.033
239.147
253.698
252.212
242.687
231.396
257.906
231.124
175.324
193.823
227.967
237.16
262.92
241.841
263.491
270.663
280.645
305.437
247.558
265.991
235.353
225.263
189.35
195.516
164.429
158.467
109.204
155.64
181.446
123.395
169.302
170.953
172.147
181.237
128.991
144.432
167.947
164.364
138.849
82.1436
106.296
95.3855
87.1279
52.8423
33.1655
85.7063
23.8316
9.56677
87.276
81.4807
78.4627
56.8623
71.6611
73.8996
78.4163
36.7879
49.4834
97.9365
46.8707
40.9914
26.5044
37.6061
55.6519
29.1409
22.1574
27.7096
8.48721
53.7481
56.0317
34.667
60.7883
41.2062
53.967
42.9915
14.3666
55.0672
-27.0167
11.2928
-0.771577
8.41404
22.9516
-6.22206
-55.2954
50.6449
18.777
-23.9521
-35.4633
-27.0489
-13.1919
-25.9645
-9.84977
1.61593
-10.5104
-18.6934
-40.0955
-17.6954
-35.4581
-15.7179
-18.6237
-43.7226
-32.6848
-41.8174
-28.5055
-56.196
-50.2838
-30.7076
-15.9143
-11.9888
-56.9064
-36.2583
-50.2226
-0.6441
21.0319
-6.46093
-13.0976
-15.8481
-12.0512
3.6606
-33.441
9.89481
-1.95106
-15.2854
2.43202
-0.383534
1.33488
14.6466
-8.21324
-17.7659
15.0184
-0.915119
-3.12203
13.2514
54.3215
55.704
16.146
5.01019
37.7598
10.3396
21.963
5.89795
18.2169
11.4294
48.7512
26.3574
27.4374
41.2723
55.8322
60.1638
21.7647
87.1962
92.1253
46.93
52.234
71.1572
60.5856
62.0288
79.4267
80.7375
92.2859
56.2934
89.3942
64.3378
88.5817
58.46
88.6255
69.6072
103.733
80.5525
98.7301
82.3772
65.4513
37.7521
108.217
113.789
93.4554
65.5414
96.8081
84.4538
93.9257
114.039
98.7123
98.6163
54.3931
112.882
101.812
111.461
108.248
88.6883
103.623
115.536
78.5102
148.196
92.8207
152.189
121.214
94.2894
91.3299
94.0356
104.202
124.441
70.7886
94.799
79.3081
91.2165
90.2569
119.087
96.5856
110.018
99.512
72.5627
78.8028
68.3213
100.208
68.1266
64.8043
51.2919
34.9054
32.4473
45.1573
47.8378
51.0085
75.0488
83.0981
29.9921
43.2861
32.8283
51.5189
18.9682
59.504
51.8746
52.3278
39.1069
24.8175
55.6624
13.48
13.2128
64.4467
0.895311
25.3955
24.2594
30.6169
23.5274
11.2017
-14.8611
11.5749
5.24624
-9.09779
6.95516
-5.37138
-31.7234
3.8549
-3.52434
