0.01 0 
0.062042 1.93109e-12 
0.114084 2.46063e-12 
0.166126 2.16991e-12 
0.218168 1.83326e-12 
0.27021 1.5611e-12 
0.322252 1.35064e-12 
0.374294 1.18679e-12 
0.426336 1.05694e-12 
0.478378 9.52067e-13 
0.53042 8.6587e-13 
0.582462 7.93906e-13 
0.634505 7.32996e-13 
0.686547 6.8082e-13 
0.738589 6.35653e-13 
0.790631 5.9619e-13 
0.842673 5.61425e-13 
0.894715 5.30575e-13 
0.946757 5.03019e-13 
0.998799 4.78259e-13 
1.05084 4.44534e-13 
1.10288 4.15183e-13 
1.15492 3.89769e-13 
1.20697 3.67699e-13 
1.25901 3.48493e-13 
1.31105 3.3176e-13 
1.36309 3.17184e-13 
1.41514 3.04502e-13 
1.46718 2.93499e-13 
1.51922 2.84e-13 
1.57126 2.75861e-13 
1.6233 2.68962e-13 
1.67535 2.63211e-13 
1.72739 2.58533e-13 
1.77943 2.54872e-13 
1.83147 2.52187e-13 
1.88351 2.50455e-13 
1.93556 2.49666e-13 
1.9876 2.49825e-13 
2.03964 2.45654e-13 
2.09168 2.40374e-13 
2.14372 2.35553e-13 
2.19577 2.3116e-13 
2.24781 2.27167e-13 
2.29985 2.23549e-13 
2.35189 2.20284e-13 
2.40393 2.17354e-13 
2.45598 2.14742e-13 
2.50802 2.12432e-13 
2.56006 2.10413e-13 
2.6121 2.08675e-13 
2.66414 2.07207e-13 
2.71619 2.06003e-13 
2.76823 2.05056e-13 
2.82027 2.04362e-13 
2.87231 2.03917e-13 
2.92435 2.03721e-13 
2.9764 2.03773e-13 
3.02844 2.02018e-13 
3.08048 1.98776e-13 
3.13252 1.95733e-13 
3.18456 1.92879e-13 
3.23661 1.90206e-13 
3.28865 1.87704e-13 
3.34069 1.85368e-13 
3.39273 1.83188e-13 
3.44477 1.8116e-13 
3.49682 1.79278e-13 
3.54886 1.77536e-13 
3.6009 1.7593e-13 
3.65294 1.74455e-13 
3.70498 1.73108e-13 
3.75703 1.71885e-13 
3.80907 1.70783e-13 
3.86111 1.69799e-13 
3.91315 1.68931e-13 
3.9652 1.68177e-13 
4.01724 1.67271e-13 
4.06928 1.65923e-13 
4.12132 1.64654e-13 
4.17336 1.63461e-13 
4.22541 1.62344e-13 
4.27745 1.61299e-13 
4.32949 1.60324e-13 
4.38153 1.59418e-13 
4.43357 1.5858e-13 
4.48562 1.57808e-13 
4.53766 1.571e-13 
4.5897 1.56455e-13 
4.64174 1.55873e-13 
4.69378 1.55353e-13 
4.74583 1.54893e-13 
4.79787 1.54492e-13 
4.84991 1.54151e-13 
4.90195 1.53868e-13 
4.95399 1.53644e-13 
5.00604 1.53395e-13 
5.05808 1.52576e-13 
5.11012 1.51803e-13 
5.16216 1.51073e-13 
5.2142 1.50387e-13 
5.26625 1.49744e-13 
5.31829 1.49142e-13 
5.37033 1.48582e-13 
5.42237 1.48062e-13 
5.47441 1.47581e-13 
5.52646 1.4714e-13 
5.5785 1.46738e-13 
5.63054 1.46374e-13 
5.68258 1.46048e-13 
5.73462 1.45759e-13 
5.78667 1.45508e-13 
5.83871 1.45293e-13 
5.89075 1.45115e-13 
5.94279 1.44974e-13 
5.99483 1.44869e-13 
6.04688 1.44235e-13 
6.09892 1.43573e-13 
6.15096 1.42942e-13 
6.203 1.42341e-13 
6.25505 1.41772e-13 
6.30709 1.41233e-13 
6.35913 1.40724e-13 
6.41117 1.40244e-13 
6.46321 1.39792e-13 
6.51526 1.3937e-13 
6.5673 1.38975e-13 
6.61934 1.38608e-13 
6.67138 1.38269e-13 
6.72342 1.37956e-13 
6.77547 1.37671e-13 
6.82751 1.37413e-13 
6.87955 1.37181e-13 
6.93159 1.36976e-13 
6.98363 1.36797e-13 
7.03568 1.36986e-13 
7.08772 1.37345e-13 
7.13976 1.37716e-13 
7.1918 1.38097e-13 
7.24384 1.38489e-13 
7.29589 1.38892e-13 
7.34793 1.39307e-13 
7.39997 1.39734e-13 
7.45201 1.40173e-13 
7.50405 1.40624e-13 
7.5561 1.41088e-13 
7.60814 1.41564e-13 
7.66018 1.42054e-13 
7.71222 1.42557e-13 
7.76426 1.43073e-13 
7.81631 1.43603e-13 
7.86835 1.44148e-13 
7.92039 1.44706e-13 
7.97243 1.4528e-13 
8.02447 1.45498e-13 
8.07652 1.45317e-13 
8.12856 1.45152e-13 
8.1806 1.45002e-13 
8.23264 1.44868e-13 
8.28468 1.4475e-13 
8.33673 1.44648e-13 
8.38877 1.44561e-13 
8.44081 1.44489e-13 
8.49285 1.44433e-13 
8.54489 1.44393e-13 
8.59694 1.44367e-13 
8.64898 1.44358e-13 
8.70102 1.44363e-13 
8.75306 1.44384e-13 
8.80511 1.4442e-13 
8.85715 1.44471e-13 
8.90919 1.44538e-13 
8.96123 1.4462e-13 
9.01327 1.44877e-13 
9.06532 1.45609e-13 
9.11736 1.46346e-13 
9.1694 1.47087e-13 
9.22144 1.47834e-13 
9.27348 1.48586e-13 
9.32553 1.49344e-13 
9.37757 1.50109e-13 
9.42961 1.50879e-13 
9.48165 1.51657e-13 
9.53369 1.52441e-13 
9.58574 1.53232e-13 
9.63778 1.54031e-13 
9.68982 1.54838e-13 
9.74186 1.55652e-13 
9.7939 1.56476e-13 
9.84595 1.57307e-13 
9.89799 1.58148e-13 
9.95003 1.58997e-13 
10.0021 1.59828e-13 
10.0541 1.59969e-13 
10.1062 1.6012e-13 
10.1582 1.60283e-13 
10.2102 1.60455e-13 
10.2623 1.60638e-13 
10.3143 1.60831e-13 
10.3664 1.61034e-13 
10.4184 1.61248e-13 
10.4705 1.61473e-13 
10.5225 1.61709e-13 
10.5745 1.61955e-13 
10.6266 1.62212e-13 
10.6786 1.62479e-13 
10.7307 1.62758e-13 
10.7827 1.63048e-13 
10.8347 1.63349e-13 
10.8868 1.63661e-13 
10.9388 1.63984e-13 
10.9909 1.64319e-13 
11.0429 1.65249e-13 
11.095 1.66308e-13 
11.147 1.67371e-13 
11.199 1.68438e-13 
11.2511 1.6951e-13 
11.3031 1.70587e-13 
11.3552 1.71669e-13 
11.4072 1.72756e-13 
11.4592 1.73849e-13 
11.5113 1.74949e-13 
11.5633 1.76054e-13 
11.6154 1.77166e-13 
11.6674 1.78285e-13 
11.7195 1.79411e-13 
11.7715 1.80544e-13 
11.8235 1.81684e-13 
11.8756 1.82833e-13 
11.9276 1.8399e-13 
11.9797 1.85156e-13 
12.0317 1.86039e-13 
12.0838 1.86743e-13 
12.1358 1.87454e-13 
12.1878 1.88172e-13 
12.2399 1.88898e-13 
12.2919 1.89631e-13 
12.344 1.90372e-13 
12.396 1.91121e-13 
12.448 1.91879e-13 
12.5001 1.92645e-13 
12.5521 1.93418e-13 
12.6042 1.94201e-13 
12.6562 1.94992e-13 
12.7083 1.95793e-13 
12.7603 1.96603e-13 
12.8123 1.97421e-13 
12.8644 1.9825e-13 
12.9164 1.99088e-13 
12.9685 1.99936e-13 
13.0205 2.01051e-13 
13.0726 2.02569e-13 
13.1246 2.04093e-13 
13.1766 2.05621e-13 
13.2287 2.07153e-13 
13.2807 2.08693e-13 
13.3328 2.10238e-13 
13.3848 2.11789e-13 
13.4368 2.13346e-13 
13.4889 2.14912e-13 
13.5409 2.16483e-13 
13.593 2.18062e-13 
13.645 2.1965e-13 
13.6971 2.21245e-13 
13.7491 2.22849e-13 
13.8011 2.24462e-13 
13.8532 2.26083e-13 
13.9052 2.27714e-13 
13.9573 2.29355e-13 
14.0093 2.31046e-13 
14.0614 2.32932e-13 
14.1134 2.34822e-13 
14.1654 2.3672e-13 
14.2175 2.38624e-13 
14.2695 2.40534e-13 
14.3216 2.42454e-13 
14.3736 2.44379e-13 
14.4256 2.46313e-13 
14.4777 2.48255e-13 
14.5297 2.50206e-13 
14.5818 2.52167e-13 
14.6338 2.54136e-13 
14.6859 2.56116e-13 
14.7379 2.58105e-13 
14.7899 2.60106e-13 
14.842 2.62116e-13 
14.894 2.6414e-13 
14.9461 2.66172e-13 
14.9981 2.6822e-13 
15.0502 2.7036e-13 
15.1022 2.72516e-13 
15.1542 2.74679e-13 
15.2063 2.76854e-13 
15.2583 2.79035e-13 
15.3104 2.81231e-13 
15.3624 2.83434e-13 
15.4144 2.85651e-13 
15.4665 2.87877e-13 
15.5185 2.90117e-13 
15.5706 2.92367e-13 
15.6226 2.94632e-13 
15.6747 2.96909e-13 
15.7267 2.99199e-13 
15.7787 3.01505e-13 
15.8308 3.03823e-13 
15.8828 3.06158e-13 
15.9349 3.08506e-13 
15.9869 3.1087e-13 
16.0389 3.13708e-13 
16.091 3.1671e-13 
16.143 3.19727e-13 
16.1951 3.22753e-13 
16.2471 3.25795e-13 
16.2992 3.28851e-13 
16.3512 3.31919e-13 
16.4032 3.35006e-13 
16.4553 3.38104e-13 
16.5073 3.4122e-13 
16.5594 3.44354e-13 
16.6114 3.47501e-13 
16.6635 3.50668e-13 
16.7155 3.53854e-13 
16.7675 3.57056e-13 
16.8196 3.60279e-13 
16.8716 3.63522e-13 
16.9237 3.66783e-13 
16.9757 3.70068e-13 
17.0277 3.73166e-13 
17.0798 3.76101e-13 
17.1318 3.79057e-13 
17.1839 3.82032e-13 
17.2359 3.85025e-13 
17.288 3.8804e-13 
17.34 3.91077e-13 
17.392 3.94131e-13 
17.4441 3.97209e-13 
17.4961 4.00312e-13 
17.5482 4.03434e-13 
17.6002 4.0658e-13 
17.6523 4.09752e-13 
17.7043 4.12949e-13 
17.7563 4.16168e-13 
17.8084 4.19414e-13 
17.8604 4.22689e-13 
17.9125 4.25989e-13 
17.9645 4.29315e-13 
18.0165 4.33099e-13 
18.0686 4.37828e-13 
18.1206 4.42581e-13 
18.1727 4.47362e-13 
18.2247 4.52175e-13 
18.2768 4.57019e-13 
18.3288 4.61892e-13 
18.3808 4.66796e-13 
18.4329 4.71733e-13 
18.4849 4.76706e-13 
18.537 4.81714e-13 
18.589 4.86753e-13 
18.6411 4.9183e-13 
18.6931 4.96946e-13 
18.7451 5.02101e-13 
18.7972 5.07294e-13 
18.8492 5.12524e-13 
18.9013 5.17797e-13 
18.9533 5.23114e-13 
19.0053 5.28422e-13 
19.0574 5.33298e-13 
19.1094 5.38209e-13 
19.1615 5.43164e-13 
19.2135 5.48161e-13 
19.2656 5.53203e-13 
19.3176 5.58289e-13 
19.3696 5.63417e-13 
19.4217 5.68589e-13 
19.4737 5.7381e-13 
19.5258 5.7908e-13 
19.5778 5.844e-13 
19.6298 5.89772e-13 
19.6819 5.95192e-13 
19.7339 6.00663e-13 
19.786 6.06188e-13 
19.838 6.11769e-13 
19.8901 6.17407e-13 
19.9421 6.23103e-13 
19.9941 6.28859e-13 
20.0462 6.36862e-13 
20.0982 6.45203e-13 
20.1503 6.53611e-13 
20.2023 6.62088e-13 
20.2544 6.70635e-13 
20.3064 6.79254e-13 
20.3584 6.87946e-13 
20.4105 6.96714e-13 
20.4625 7.05559e-13 
20.5146 7.14479e-13 
20.5666 7.23478e-13 
20.6186 7.32559e-13 
20.6707 7.41725e-13 
20.7227 7.50977e-13 
20.7748 7.60318e-13 
20.8268 7.6975e-13 
20.8789 7.79274e-13 
20.9309 7.88893e-13 
20.9829 7.98609e-13 
21.035 8.07309e-13 
21.087 8.15548e-13 
21.1391 8.23866e-13 
21.1911 8.32269e-13 
21.2432 8.4076e-13 
21.2952 8.49339e-13 
21.3472 8.58009e-13 
21.3993 8.66772e-13 
21.4513 8.7563e-13 
21.5034 8.84584e-13 
21.5554 8.93638e-13 
21.6074 9.02792e-13 
21.6595 9.1205e-13 
21.7115 9.21413e-13 
21.7636 9.30883e-13 
21.8156 9.40464e-13 
21.8677 9.50157e-13 
21.9197 9.59965e-13 
21.9717 9.6989e-13 
22.0238 9.79996e-13 
22.0758 9.90296e-13 
22.1279 1.00072e-12 
22.1799 1.01126e-12 
22.232 1.02194e-12 
22.284 1.03274e-12 
22.336 1.04367e-12 
22.3881 1.05474e-12 
22.4401 1.06595e-12 
22.4922 1.0773e-12 
22.5442 1.08879e-12 
22.5962 1.10044e-12 
22.6483 1.11223e-12 
22.7003 1.12418e-12 
22.7524 1.13628e-12 
22.8044 1.14855e-12 
22.8565 1.16098e-12 
22.9085 1.17358e-12 
22.9605 1.18635e-12 
23.0126 1.19903e-12 
23.0646 1.21106e-12 
23.1167 1.22328e-12 
23.1687 1.23568e-12 
23.2208 1.24828e-12 
23.2728 1.26108e-12 
23.3248 1.27407e-12 
23.3769 1.28728e-12 
23.4289 1.3007e-12 
23.481 1.31433e-12 
23.533 1.32819e-12 
23.585 1.34227e-12 
23.6371 1.35659e-12 
23.6891 1.37114e-12 
23.7412 1.38594e-12 
23.7932 1.40099e-12 
23.8453 1.41629e-12 
23.8973 1.43186e-12 
23.9493 1.44769e-12 
24.0014 1.46393e-12 
24.0534 1.48494e-12 
24.1055 1.50632e-12 
24.1575 1.52808e-12 
24.2095 1.55023e-12 
24.2616 1.57277e-12 
24.3136 1.59571e-12 
24.3657 1.61908e-12 
24.4177 1.64288e-12 
24.4698 1.66712e-12 
24.5218 1.69182e-12 
24.5738 1.71698e-12 
24.6259 1.74262e-12 
24.6779 1.76875e-12 
24.73 1.79539e-12 
24.782 1.82255e-12 
24.8341 1.85023e-12 
24.8861 1.87846e-12 
24.9381 1.90723e-12 
24.9902 1.93658e-12 
25.0422 1.96994e-12 
25.0943 2.00472e-12 
25.1463 2.04016e-12 
25.1983 2.07628e-12 
25.2504 2.11309e-12 
25.3024 2.15061e-12 
25.3545 2.18886e-12 
25.4065 2.22783e-12 
25.4586 2.26755e-12 
25.5106 2.30805e-12 
25.5626 2.34935e-12 
25.6147 2.39147e-12 
25.6667 2.43443e-12 
25.7188 2.47826e-12 
25.7708 2.52296e-12 
25.8229 2.56856e-12 
25.8749 2.61505e-12 
25.9269 2.66248e-12 
25.979 2.71088e-12 
26.031 2.76226e-12 
26.0831 2.81603e-12 
26.1351 2.87089e-12 
26.1871 2.92686e-12 
26.2392 2.98393e-12 
26.2912 3.04211e-12 
26.3433 3.10147e-12 
26.3953 3.16201e-12 
26.4474 3.22378e-12 
26.4994 3.28679e-12 
26.5514 3.35106e-12 
26.6035 3.41658e-12 
26.6555 3.48337e-12 
26.7076 3.55148e-12 
26.7596 3.62093e-12 
26.8117 3.69175e-12 
26.8637 3.76396e-12 
26.9157 3.83757e-12 
26.9678 3.91252e-12 
27.0198 3.98943e-12 
27.0719 4.06849e-12 
27.1239 4.14871e-12 
27.1759 4.23011e-12 
27.228 4.31266e-12 
27.28 4.39625e-12 
27.3321 4.48095e-12 
27.3841 4.56675e-12 
27.4362 4.65363e-12 
27.4882 4.74156e-12 
27.5402 4.83048e-12 
27.5923 4.92026e-12 
27.6443 5.01099e-12 
27.6964 5.10261e-12 
27.7484 5.19507e-12 
27.8005 5.28832e-12 
27.8525 5.38218e-12 
27.9045 5.47666e-12 
27.9566 5.57173e-12 
28.0086 5.66791e-12 
28.0607 5.76773e-12 
28.1127 5.86808e-12 
28.1647 5.96888e-12 
28.2168 6.0701e-12 
28.2688 6.17166e-12 
28.3209 6.27342e-12 
28.3729 6.37517e-12 
28.425 6.47677e-12 
28.477 6.57819e-12 
28.529 6.67927e-12 
28.5811 6.77987e-12 
28.6331 6.87969e-12 
28.6852 6.97859e-12 
28.7372 7.07651e-12 
28.7892 7.17326e-12 
28.8413 7.26865e-12 
28.8933 7.36224e-12 
28.9454 7.45405e-12 
28.9974 7.54392e-12 
29.0495 7.62764e-12 
29.1015 7.70781e-12 
29.1535 7.78433e-12 
29.2056 7.85718e-12 
29.2576 7.92617e-12 
29.3097 7.99111e-12 
29.3617 8.05151e-12 
29.4138 8.1075e-12 
29.4658 8.15893e-12 
29.5178 8.20567e-12 
29.5699 8.24737e-12 
29.6219 8.284e-12 
29.674 8.3156e-12 
29.726 8.3421e-12 
29.778 8.36326e-12 
29.8301 8.379e-12 
29.8821 8.38951e-12 
29.9342 8.39477e-12 
29.9862 8.39468e-12 
30.0383 8.39725e-12 
30.0903 8.39692e-12 
30.1423 8.3907e-12 
30.1944 8.37853e-12 
30.2464 8.36031e-12 
30.2985 8.33642e-12 
30.3505 8.30699e-12 
30.4026 8.272e-12 
30.4546 8.23151e-12 
30.5066 8.18594e-12 
30.5587 8.13549e-12 
30.6107 8.08017e-12 
30.6628 8.02018e-12 
30.7148 7.95597e-12 
30.7668 7.88777e-12 
30.8189 7.81554e-12 
30.8709 7.73969e-12 
30.923 7.6606e-12 
30.975 7.57852e-12 
31.0271 7.48425e-12 
31.0791 7.37956e-12 
31.1311 7.27327e-12 
31.1832 7.16556e-12 
31.2352 7.05654e-12 
31.2873 6.94677e-12 
31.3393 6.83649e-12 
31.3914 6.72568e-12 
31.4434 6.61468e-12 
31.4954 6.50385e-12 
31.5475 6.3933e-12 
31.5995 6.28293e-12 
31.6516 6.17323e-12 
31.7036 6.06436e-12 
31.7556 5.9562e-12 
31.8077 5.84897e-12 
31.8597 5.74292e-12 
31.9118 5.63808e-12 
31.9638 5.53429e-12 
32.0159 5.43038e-12 
32.0679 5.32437e-12 
32.1199 5.21963e-12 
32.172 5.11641e-12 
32.224 5.01487e-12 
32.2761 4.91491e-12 
32.3281 4.81653e-12 
32.3802 4.71996e-12 
32.4322 4.6252e-12 
32.4842 4.53201e-12 
32.5363 4.44069e-12 
32.5883 4.35125e-12 
32.6404 4.26345e-12 
32.6924 4.17748e-12 
32.7444 4.09338e-12 
32.7965 4.01099e-12 
32.8485 3.93032e-12 
32.9006 3.85149e-12 
32.9526 3.77438e-12 
33.0047 3.6983e-12 
33.0567 3.61844e-12 
33.1087 3.54082e-12 
33.1608 3.46521e-12 
33.2128 3.39178e-12 
33.2649 3.32044e-12 
33.3169 3.25089e-12 
33.3689 3.18334e-12 
33.421 3.11771e-12 
33.473 3.05372e-12 
33.5251 2.99153e-12 
33.5771 2.9311e-12 
33.6292 2.87217e-12 
33.6812 2.81486e-12 
33.7332 2.75916e-12 
33.7853 2.70483e-12 
33.8373 2.65196e-12 
33.8894 2.60056e-12 
33.9414 2.5504e-12 
33.9935 2.50158e-12 
34.0455 2.45264e-12 
34.0975 2.40467e-12 
34.1496 2.35797e-12 
34.2016 2.31256e-12 
34.2537 2.2682e-12 
34.3057 2.22502e-12 
34.3577 2.18301e-12 
34.4098 2.14195e-12 
34.4618 2.10198e-12 
34.5139 2.06307e-12 
34.5659 2.02501e-12 
34.618 1.98796e-12 
34.67 1.95186e-12 
34.722 1.91655e-12 
34.7741 1.88217e-12 
34.8261 1.84863e-12 
34.8782 1.81584e-12 
34.9302 1.78389e-12 
34.9823 1.7527e-12 
35.0343 1.71892e-12 
35.0863 1.68448e-12 
35.1384 1.65097e-12 
35.1904 1.61839e-12 
35.2425 1.58678e-12 
35.2945 1.55597e-12 
35.3465 1.52603e-12 
35.3986 1.49696e-12 
35.4506 1.46857e-12 
35.5027 1.441e-12 
35.5547 1.41417e-12 
35.6068 1.38799e-12 
35.6588 1.36255e-12 
35.7108 1.33774e-12 
35.7629 1.31356e-12 
35.8149 1.29004e-12 
35.867 1.26705e-12 
35.919 1.24466e-12 
35.9711 1.22287e-12 
36.0231 1.20041e-12 
36.0751 1.17723e-12 
36.1272 1.15469e-12 
36.1792 1.13274e-12 
36.2313 1.11145e-12 
36.2833 1.09069e-12 
36.3353 1.0705e-12 
36.3874 1.05089e-12 
36.4394 1.03173e-12 
36.4915 1.01312e-12 
36.5435 9.94982e-13 
36.5956 9.77294e-13 
36.6476 9.60102e-13 
36.6996 9.43287e-13 
36.7517 9.26923e-13 
36.8037 9.10977e-13 
36.8558 8.95386e-13 
36.9078 8.80218e-13 
36.9598 8.65383e-13 
37.0119 8.50261e-13 
37.0639 8.33422e-13 
37.116 8.1704e-13 
37.168 8.01187e-13 
37.2201 7.85782e-13 
37.2721 7.7082e-13 
37.3241 7.56324e-13 
37.3762 7.42182e-13 
37.4282 7.28474e-13 
37.4803 7.15137e-13 
37.5323 7.02154e-13 
37.5844 6.89561e-13 
37.6364 6.7725e-13 
37.6884 6.653e-13 
37.7405 6.53656e-13 
37.7925 6.42302e-13 
37.8446 6.31276e-13 
37.8966 6.20477e-13 
37.9486 6.09984e-13 
38.0007 5.99736e-13 
38.0527 5.89299e-13 
38.1048 5.79159e-13 
38.1568 5.69231e-13 
38.2089 5.59584e-13 
38.2609 5.50161e-13 
38.3129 5.4097e-13 
38.365 5.32022e-13 
38.417 5.23256e-13 
38.4691 5.14731e-13 
38.5211 5.06384e-13 
38.5732 4.98242e-13 
38.6252 4.90297e-13 
38.6772 4.82514e-13 
38.7293 4.74939e-13 
38.7813 4.675e-13 
38.8334 4.60251e-13 
38.8854 4.53155e-13 
38.9374 4.46211e-13 
38.9895 4.39439e-13 
39.0415 4.3242e-13 
39.0936 4.25476e-13 
39.1456 4.18646e-13 
39.1977 4.11961e-13 
39.2497 4.05412e-13 
39.3017 3.98979e-13 
39.3538 3.92701e-13 
39.4058 3.86513e-13 
39.4579 3.80476e-13 
39.5099 3.74543e-13 
39.562 3.68737e-13 
39.614 3.63051e-13 
39.666 3.57466e-13 
39.7181 3.52017e-13 
39.7701 3.46644e-13 
39.8222 3.41403e-13 
39.8742 3.36251e-13 
39.9262 3.31209e-13 
39.9783 3.26268e-13 
40.0303 3.21893e-13 
40.0824 3.17901e-13 
40.1344 3.13893e-13 
40.1865 3.09924e-13 
40.2385 3.05952e-13 
40.2905 3.02017e-13 
40.3426 2.98103e-13 
40.3946 2.94218e-13 
40.4467 2.90375e-13 
40.4987 2.8655e-13 
40.5508 2.82786e-13 
40.6028 2.79031e-13 
40.6548 2.7534e-13 
40.7069 2.71675e-13 
40.7589 2.68063e-13 
40.811 2.64492e-13 
40.863 2.60962e-13 
40.915 2.57487e-13 
40.9671 2.54044e-13 
41.0191 2.5089e-13 
41.0712 2.48063e-13 
41.1232 2.45201e-13 
41.1753 2.42275e-13 
41.2273 2.39323e-13 
41.2793 2.36335e-13 
41.3314 2.33329e-13 
41.3834 2.30312e-13 
41.4355 2.2728e-13 
41.4875 2.24258e-13 
41.5395 2.21223e-13 
41.5916 2.18217e-13 
41.6436 2.152e-13 
41.6957 2.12219e-13 
41.7477 2.09242e-13 
41.7998 2.06299e-13 
41.8518 2.03374e-13 
41.9038 2.00479e-13 
41.9559 1.97614e-13 
42.0079 1.95011e-13 
42.06 1.93659e-13 
42.112 1.92174e-13 
42.1641 1.90591e-13 
42.2161 1.88889e-13 
42.2681 1.87113e-13 
42.3202 1.85233e-13 
42.3722 1.83295e-13 
42.4243 1.81275e-13 
42.4763 1.79209e-13 
42.5283 1.77083e-13 
42.5804 1.74919e-13 
42.6324 1.72714e-13 
42.6845 1.7048e-13 
42.7365 1.68222e-13 
42.7886 1.65941e-13 
42.8406 1.63652e-13 
42.8926 1.61346e-13 
42.9447 1.59045e-13 
42.9967 1.56731e-13 
43.0488 1.55917e-13 
43.1008 1.55072e-13 
43.1529 1.54129e-13 
43.2049 1.53058e-13 
43.2569 1.51896e-13 
43.309 1.50618e-13 
43.361 1.49254e-13 
43.4131 1.47788e-13 
43.4651 1.46245e-13 
43.5171 1.44612e-13 
43.5692 1.42911e-13 
43.6212 1.41136e-13 
43.6733 1.393e-13 
43.7253 1.37406e-13 
43.7774 1.35461e-13 
43.8294 1.33471e-13 
43.8814 1.3144e-13 
43.9335 1.29378e-13 
43.9855 1.27284e-13 
44.0376 1.26384e-13 
44.0896 1.25888e-13 
44.1417 1.25328e-13 
44.1937 1.24693e-13 
44.2457 1.23995e-13 
44.2978 1.23218e-13 
44.3498 1.22376e-13 
44.4019 1.21453e-13 
44.4539 1.20467e-13 
44.5059 1.19398e-13 
44.558 1.18266e-13 
44.61 1.17053e-13 
44.6621 1.15778e-13 
44.7141 1.14424e-13 
44.7662 1.13011e-13 
44.8182 1.11521e-13 
44.8702 1.09978e-13 
44.9223 1.08361e-13 
44.9743 1.06696e-13 
45.0264 1.05612e-13 
45.0784 1.05131e-13 
45.1305 1.04602e-13 
45.1825 1.04048e-13 
45.2345 1.03444e-13 
45.2866 1.02811e-13 
45.3386 1.02125e-13 
45.3907 1.01409e-13 
45.4427 1.00638e-13 
45.4947 9.98334e-14 
45.5468 9.89722e-14 
45.5988 9.80748e-14 
45.6509 9.71194e-14 
45.7029 9.61253e-14 
45.755 9.50721e-14 
45.807 9.3978e-14 
45.859 9.28242e-14 
45.9111 9.16276e-14 
45.9631 9.03713e-14 
46.0152 8.93404e-14 
46.0672 8.89286e-14 
46.1192 8.85045e-14 
46.1713 8.80548e-14 
46.2233 8.75904e-14 
46.2754 8.70996e-14 
46.3274 8.65914e-14 
46.3795 8.60562e-14 
46.4315 8.55007e-14 
46.4835 8.49176e-14 
46.5356 8.43111e-14 
46.5876 8.36764e-14 
46.6397 8.3015e-14 
46.6917 8.23249e-14 
46.7438 8.16047e-14 
46.7958 8.08551e-14 
46.8478 8.00721e-14 
46.8999 7.9259e-14 
46.9519 7.8409e-14 
47.004 7.75681e-14 
47.056 7.71838e-14 
47.108 7.6795e-14 
47.1601 7.63891e-14 
47.2121 7.59796e-14 
47.2642 7.55506e-14 
47.3162 7.51187e-14 
47.3683 7.46647e-14 
47.4203 7.42073e-14 
47.4723 7.3728e-14 
47.5244 7.32428e-14 
47.5764 7.27366e-14 
47.6285 7.22214e-14 
47.6805 7.16864e-14 
47.7326 7.11391e-14 
47.7846 7.0573e-14 
47.8366 6.99915e-14 
47.8887 6.9392e-14 
47.9407 6.87737e-14 
47.9928 6.81385e-14 
48.0448 6.77772e-14 
48.0968 6.74607e-14 
48.1489 6.71328e-14 
48.2009 6.68046e-14 
48.253 6.64622e-14 
48.305 6.6121e-14 
48.3571 6.57633e-14 
48.4091 6.54059e-14 
48.4611 6.50338e-14 
48.5132 6.46589e-14 
48.5652 6.42714e-14 
48.6173 6.38777e-14 
48.6693 6.34733e-14 
48.7214 6.30595e-14 
48.7734 6.26368e-14 
48.8254 6.22014e-14 
48.8775 6.1759e-14 
48.9295 6.13004e-14 
48.9816 6.08367e-14 
49.0336 6.05047e-14 
49.0856 6.02587e-14 
49.1377 6.00022e-14 
49.1897 5.97483e-14 
49.2418 5.94864e-14 
49.2938 5.92239e-14 
49.3459 5.89561e-14 
49.3979 5.86844e-14 
49.4499 5.84101e-14 
49.502 5.81285e-14 
49.554 5.7847e-14 
49.6061 5.75548e-14 
49.6581 5.72651e-14 
49.7102 5.69619e-14 
49.7622 5.66604e-14 
49.8142 5.63482e-14 
49.8663 5.60341e-14 
49.9183 5.5712e-14 
49.9704 5.53843e-14 
50.0224 5.50516e-14 
50.0744 5.47094e-14 
50.1265 5.4365e-14 
50.1785 5.40072e-14 
50.2306 5.3649e-14 
50.2826 5.32757e-14 
50.3347 5.29003e-14 
50.3867 5.25126e-14 
50.4387 5.21187e-14 
50.4908 5.17155e-14 
50.5428 5.13019e-14 
50.5949 5.08819e-14 
50.6469 5.04471e-14 
50.6989 5.00088e-14 
50.751 4.95514e-14 
50.803 4.90897e-14 
50.8551 4.86119e-14 
50.9071 4.81251e-14 
50.9592 4.76251e-14 
51.0112 4.71116e-14 
51.0632 4.65878e-14 
51.1153 4.60457e-14 
51.1673 4.54958e-14 
51.2194 4.49234e-14 
51.2714 4.43419e-14 
51.3235 4.37407e-14 
51.3755 4.31254e-14 
51.4275 4.24931e-14 
51.4796 4.18418e-14 
51.5316 4.11761e-14 
51.5837 4.04864e-14 
51.6357 3.97832e-14 
51.6877 3.90539e-14 
51.7398 3.83082e-14 
51.7918 3.7539e-14 
51.8439 3.67481e-14 
51.8959 3.59359e-14 
51.948 3.50968e-14 
52 3.42384e-14 
